56
49
54
45
5F
53
55
50
41
42
41
53
45
5F
55
52
4C
3D
68
74
74
70
73
3A
2F
2F
7A
6B
73
67
70
65
73
61
73
67
61
73
78
69
71
79
79
6F
79
6F
2E
73
75
70
61
62
61
73
65
2E
63
6F
0A
56
49
54
45
5F
53
55
50
41
42
41
53
45
5F
41
4E
4F
4E
5F
4B
45
59
3D
65
79
4A
68
62
47
63
69
4F
69
4A
49
55
7A
49
31
4E
69
49
73
49
6E
52
35
63
43
49
36
49
6B
70
58
56
43
4A
39
2E
65
79
4A
70
63
33
4D
69
4F
69
4A
7A
64
58
42
68
59
6D
46
7A
5A
53
49
73
49
6E
4A
6C
5A
69
49
36
49
6E
70
72
63
32
64
77
5A
58
4E
68
63
32
64
68
63
33
68
70
63
58
6C
35
62
33
6C
76
49
69
77
69
63
6D
39
73
5A
53
49
36
49
6D
46
75
62
32
34
69
4C
43
4A
70
59
58
51
69
4F
6A
45
33
4E
7A
41
32
4F
44
6B
7A
4F
54
67
73
49
6D
56
34
63
43
49
36
4D
6A
41
34
4E
6A
49
32
4E
54
4D
35
4F
48
30
2E
43
49
74
75
31
62
53
46
73
55
35
6F
41
79
39
48
45
32
59
73
33
30
4E
73
56
64
7A
55
46
45
4F
5F
68
4F
56
42
71
2D
79
77
51
64
6F
0A
56
49
54
45
5F
47
4F
4F
47
4C
45
5F
41
49
5F
41
50
49
5F
4B
45
59
3D
41
49
7A
61
53
79
41
42
4F
4F
73
73
2D
45
48
55
4E
6A
55
64
68
64
65
65
39
61
2D
56
31
6B
48
5A
6C
6F
59
4C
6F
67
6F
